                                                                                                                                                      
                                                                                                                                                      
                                                                                                                                                      
                                                                                                                                                      
                                                                                                                                                      
                                                                                                                                                      
                                                                                                                                                      
                                                                                                                                                      
                                                                                                                                                      
                                                                                                                                                      
                                           999                            $                            999                                            
                                             99999                        $                        99999                                              
                                              99   999                    $                    999   99                                               
                                               99      999                $                999      99                                                
                                                99         999          $$$$$          999         99                                                 
                                       66666     99            999        $        999            99     66666                                        
                                      6     6     99               999         999               99     6     6                                       
                                      6     6      99                  999 999                  99      6     6                                       
                                      6     6       99                 999 999                 99       6     6                                       
                                       666666        99            999         999            99         666666                                       
                                           6          99       999      66666      999       99              6                                        
                                          6            99  999         6     6         999  99              6                                         
                                         6             999             6     6             999             6                                          
                                                   999   99            6     6            99   999                                                    
                                               999        99            666666           99        999                                                
                                           999             99               6           99             999                                            
                                       999                  99             6           99                  999                                        
                                   999                       99           6           99                       999                                    
                               999                            99                     99                            999                                
                             9999999999999999999999999999999999999999999999999999999999999999999999999999999999999999999                              
                                                                99                 99                                                                 
                                                                 99               99                                                                  
                                                                  99             99                                                                   
                                                                   99           99                                                                    
                                                                    99         99                                                                     
                                                                     99       99                                                                      
                                                                      99     99                                                                       
                                                                       99   99                                                                        
                                                                        99 99                                                                         
                                                                         999                                                                          
                                                                          9                                                                           
                                                                                                                                                      
                                                                                                                                                      
                                                                                                                                                      
                                                                                                                                                      
                                                                                                                                                      
                                                                                                                                                      
                                                                                                                                                      
                                                                                                                                                      
                                                                                                                                                      
